

107545.000000 134097.000000
107752.000000 134747.000000
107896.000000 135285.000000
108007.000000 135711.000000
108027.000000 136004.000000
108041.000000 136250.000000
108019.000000 136432.000000
108034.000000 136604.000000
108023.000000 136732.000000
108024.000000 136827.000000
108018.000000 136879.000000
108001.000000 136906.000000
107969.000000 136917.000000
107952.000000 136930.000000
107914.000000 136952.000000
107884.000000 137011.000000
107854.000000 137097.000000
107843.000000 137199.000000
107818.000000 137274.000000
107809.000000 137326.000000
100793.000000 119865.000000
107771.000000 137361.000000
107750.000000 137373.000000
107741.000000 137391.000000
107733.000000 137418.000000
107720.000000 137452.000000
107700.000000 137490.000000
107677.000000 137531.000000
107648.000000 137548.000000
107617.000000 137550.000000
107587.000000 137551.000000
107572.000000 137566.000000
107561.000000 137594.000000
107586.000000 137640.000000
107592.000000 137662.000000
107589.000000 137678.000000
107589.000000 137712.000000
107601.000000 137750.000000
107610.000000 137806.000000
107620.000000 137861.000000
107612.000000 137880.000000
107576.000000 137848.000000
107521.000000 137745.000000
107430.000000 137531.000000
107325.000000 137276.000000
107225.000000 137012.000000
107142.000000 136795.000000
107080.000000 136633.000000
107038.000000 136536.000000
107014.000000 136497.000000
107020.000000 136533.000000
107033.000000 136601.000000
107066.000000 136708.000000
107090.000000 136835.000000
107133.000000 136980.000000
107160.000000 137112.000000
107194.000000 137240.000000
107208.000000 137329.000000
107229.000000 137398.000000
107232.000000 137427.000000
107236.000000 137452.000000
107226.000000 137457.000000
107221.000000 137467.000000
107211.000000 137466.000000
107201.000000 137479.000000
107184.000000 137482.000000
107188.000000 137505.000000
107174.000000 137506.000000
107181.000000 137520.000000
107170.000000 137500.000000
107169.000000 137476.000000
107148.000000 137418.000000
107133.000000 137356.000000
107101.000000 137275.000000
107089.000000 137208.000000
107066.000000 137137.000000
107051.000000 137089.000000
107025.000000 137036.000000
107009.000000 137013.000000
106990.000000 136981.000000
106989.000000 136982.000000
106990.000000 136985.000000
106997.000000 137014.000000
107004.000000 137046.000000
107025.000000 137104.000000
107033.000000 137159.000000
107048.000000 137230.000000
107054.000000 137272.000000
107057.000000 137307.000000
107054.000000 137321.000000
107057.000000 137344.000000
107056.000000 137360.000000
107061.000000 137389.000000
107055.000000 137407.000000
107064.000000 137429.000000
107055.000000 137431.000000
107060.000000 137443.000000
107052.000000 137442.000000
107061.000000 137459.000000
107055.000000 137476.000000
107065.000000 137504.000000
107068.000000 137535.000000
107076.000000 137570.000000
107075.000000 137582.000000
107069.000000 137581.000000
107045.000000 137556.000000
107029.000000 137545.000000
107005.000000 137521.000000
107003.000000 137526.000000
107001.000000 137531.000000
107010.000000 137566.000000
107030.000000 137596.000000
107055.000000 137634.000000
107068.000000 137657.000000
107089.000000 137676.000000
107089.000000 137678.000000
107095.000000 137664.000000
107098.000000 137637.000000
107098.000000 137588.000000
107079.000000 137540.000000
107069.000000 137504.000000
107049.000000 137473.000000
107029.000000 137442.000000
107003.000000 137419.000000
107000.000000 137407.000000
106994.000000 137413.000000
106997.000000 137423.000000
107005.000000 137452.000000
107019.000000 137473.000000
107025.000000 137491.000000
107027.000000 137497.000000
107027.000000 137501.000000
107046.000000 137529.000000
107060.000000 137559.000000
107070.000000 137589.000000
107083.000000 137623.000000
107074.000000 137628.000000
107063.000000 137588.000000
107012.000000 137449.000000
106952.000000 137236.000000
106859.000000 136940.000000
106766.000000 136631.000000
106671.000000 136336.000000
106597.000000 136130.000000
106541.000000 136004.000000
106512.000000 135946.000000
106506.000000 135941.000000
106520.000000 135993.000000
106533.000000 136052.000000
106560.000000 136136.000000
106579.000000 136208.000000
106613.000000 136313.000000
106637.000000 136406.000000
106682.000000 136530.000000
106717.000000 136640.000000
106755.000000 136749.000000
106772.000000 136811.000000
106799.000000 136893.000000
106810.000000 136954.000000
106834.000000 137038.000000
106844.000000 137093.000000
106860.000000 137155.000000
106865.000000 137181.000000
106879.000000 137211.000000
106870.000000 137209.000000
106881.000000 137214.000000
106874.000000 137203.000000
106879.000000 137203.000000
106874.000000 137192.000000
106876.000000 137189.000000
106862.000000 137173.000000
106864.000000 137185.000000
106857.000000 137177.000000
106866.000000 137189.000000
106861.000000 137193.000000
106871.000000 137224.000000
106878.000000 137253.000000
106898.000000 137302.000000
106905.000000 137335.000000
106920.000000 137373.000000
106920.000000 137406.000000
106938.000000 137447.000000
106941.000000 137464.000000
106953.000000 137495.000000
106962.000000 137503.000000
106968.000000 137530.000000
106972.000000 137544.000000
106983.000000 137570.000000
106985.000000 137584.000000
106990.000000 137604.000000
106981.000000 137599.000000
106980.000000 137613.000000
106983.000000 137639.000000
106994.000000 137676.000000
107001.000000 137694.000000
107013.000000 137725.000000
107014.000000 137747.000000
107015.000000 137762.000000
107019.000000 137772.000000
107023.000000 137791.000000
107023.000000 137799.000000
107034.000000 137814.000000
107030.000000 137819.000000
107035.000000 137836.000000
107033.000000 137848.000000
107047.000000 137862.000000
107058.000000 137864.000000
107065.000000 137857.000000
107068.000000 137854.000000
107070.000000 137853.000000
107067.000000 137844.000000
107063.000000 137845.000000
107065.000000 137853.000000
107072.000000 137863.000000
107069.000000 137869.000000
107065.000000 137882.000000
107060.000000 137893.000000
107049.000000 137896.000000
107040.000000 137896.000000
107026.000000 137879.000000
107006.000000 137841.000000
107000.000000 137780.000000
106987.000000 137732.000000
106980.000000 137703.000000
106982.000000 137697.000000
106980.000000 137696.000000
106984.000000 137712.000000
106978.000000 137725.000000
106983.000000 137755.000000
106981.000000 137773.000000
106984.000000 137801.000000
106988.000000 137815.000000
106992.000000 137809.000000
106971.000000 137723.000000
106928.000000 137565.000000
106853.000000 137325.000000
106771.000000 137048.000000
106683.000000 136763.000000
106613.000000 136543.000000
106563.000000 136391.000000
106537.000000 136323.000000
106526.000000 136288.000000
106540.000000 136325.000000
106561.000000 136381.000000
106594.000000 136486.000000
106627.000000 136604.000000
106665.000000 136735.000000
106691.000000 136832.000000
106726.000000 136944.000000
106752.000000 137039.000000
106788.000000 137138.000000
106799.000000 137193.000000
106822.000000 137265.000000
106830.000000 137296.000000
106841.000000 137336.000000
106840.000000 137357.000000
106841.000000 137400.000000
106838.000000 137423.000000
106841.000000 137451.000000
106837.000000 137446.000000
106838.000000 137445.000000
106831.000000 137413.000000
106830.000000 137382.000000
106810.000000 137327.000000
106809.000000 137295.000000
106792.000000 137257.000000
106784.000000 137222.000000
106767.000000 137181.000000
106744.000000 137140.000000
106715.000000 137088.000000
106708.000000 137060.000000
106699.000000 137041.000000
106703.000000 137049.000000
106697.000000 137058.000000
106714.000000 137091.000000
106715.000000 137115.000000
106725.000000 137144.000000
106723.000000 137163.000000
106730.000000 137205.000000
106738.000000 137231.000000
106748.000000 137279.000000
106753.000000 137309.000000
106770.000000 137356.000000
106777.000000 137399.000000
106790.000000 137430.000000
106784.000000 137438.000000
106790.000000 137456.000000
106788.000000 137462.000000
106793.000000 137482.000000
106798.000000 137497.000000
106812.000000 137532.000000
106817.000000 137557.000000
106824.000000 137583.000000
106820.000000 137598.000000
106826.000000 137610.000000
106818.000000 137603.000000
106818.000000 137593.000000
106811.000000 137572.000000
106806.000000 137559.000000
106795.000000 137546.000000
106799.000000 137556.000000
106796.000000 137572.000000
106796.000000 137592.000000
106794.000000 137606.000000
106798.000000 137628.000000
106800.000000 137645.000000
106808.000000 137660.000000
106816.000000 137687.000000
106836.000000 137712.000000
106846.000000 137732.000000
106851.000000 137742.000000
106854.000000 137741.000000
106851.000000 137728.000000
106847.000000 137720.000000
106838.000000 137698.000000
106836.000000 137691.000000
106834.000000 137691.000000
106846.000000 137704.000000
106845.000000 137711.000000
106841.000000 137725.000000
106849.000000 137734.000000
106852.000000 137744.000000
106812.000000 137532.000000
106857.000000 137751.000000
106858.000000 137755.000000
106862.000000 137766.000000
106862.000000 137773.000000
106868.000000 137787.000000
106868.000000 137801.000000
106876.000000 137817.000000
106873.000000 137825.000000
106874.000000 137811.000000
106836.000000 137716.000000
106777.000000 137526.000000
106682.000000 137213.000000
106566.000000 136843.000000
106463.000000 136517.000000
106388.000000 136303.000000
106342.000000 136153.000000
106322.000000 136077.000000
106303.000000 136027.000000
106305.000000 136029.000000
106306.000000 136052.000000
106325.000000 136113.000000
106341.000000 136177.000000
106369.000000 136268.000000
106393.000000 136355.000000
106441.000000 136481.000000
106470.000000 136594.000000
106513.000000 136713.000000
106550.000000 136807.000000
106583.000000 136912.000000
106596.000000 136977.000000
106612.000000 137031.000000
106614.000000 137066.000000
106633.000000 137107.000000
106640.000000 137133.000000
106661.000000 137184.000000
106662.000000 137214.000000
106678.000000 137242.000000
106671.000000 137232.000000
106663.000000 137212.000000
106645.000000 137171.000000
106629.000000 137121.000000
106605.000000 137045.000000
106588.000000 136990.000000
106565.000000 136924.000000
106544.000000 136865.000000
106522.000000 136803.000000
106504.000000 136766.000000
106485.000000 136737.000000
106486.000000 136745.000000
106487.000000 136761.000000
106505.000000 136821.000000
106523.000000 136880.000000
106547.000000 136953.000000
106563.000000 137018.000000
106583.000000 137074.000000
106585.000000 137101.000000
106595.000000 137125.000000
106605.000000 137153.000000
106617.000000 137190.000000
106626.000000 137219.000000
106647.000000 137280.000000
106654.000000 137316.000000
106669.000000 137365.000000
106664.000000 137392.000000
106671.000000 137419.000000
106667.000000 137425.000000
106669.000000 137427.000000
106665.000000 137429.000000
106669.000000 137441.000000
106674.000000 137458.000000
106688.000000 137475.000000
106688.000000 137484.000000
106697.000000 137492.000000
106702.000000 137497.000000
106710.000000 137499.000000
106710.000000 137502.000000
106706.000000 137503.000000
106695.000000 137501.000000
106692.000000 137502.000000
106686.000000 137497.000000
106684.000000 137498.000000
106689.000000 137511.000000
106690.000000 137523.000000
106698.000000 137542.000000
106706.000000 137570.000000
106718.000000 137592.000000
106720.000000 137595.000000
106716.000000 137593.000000
106711.000000 137588.000000
106708.000000 137591.000000
106714.000000 137600.000000
106721.000000 137623.000000
106718.000000 137637.000000
106725.000000 137663.000000
106729.000000 137665.000000
106730.000000 137664.000000
106724.000000 137652.000000
106730.000000 137660.000000
106727.000000 137668.000000
106740.000000 137687.000000
106742.000000 137709.000000
106752.000000 137739.000000
106759.000000 137762.000000
106771.000000 137788.000000
106772.000000 137806.000000
106784.000000 137835.000000
106790.000000 137848.000000
106798.000000 137872.000000
106796.000000 137867.000000
106794.000000 137844.000000
106755.000000 137726.000000
106687.000000 137510.000000
106577.000000 137176.000000
106461.000000 136807.000000
106351.000000 136517.000000
106290.000000 136333.000000
106243.000000 136197.000000
106215.000000 136119.000000
106194.000000 136071.000000
106192.000000 136065.000000
106192.000000 136084.000000
106215.000000 136135.000000
106232.000000 136208.000000
106269.000000 136323.000000
106297.000000 136426.000000
106338.000000 136545.000000
106360.000000 136644.000000
106395.000000 136746.000000
106425.000000 136827.000000
106455.000000 136914.000000
106470.000000 136973.000000
106494.000000 137035.000000
106511.000000 137084.000000
106531.000000 137129.000000
106538.000000 137171.000000
106556.000000 137219.000000
106557.000000 137240.000000
106567.000000 137262.000000
106561.000000 137251.000000
106563.000000 137239.000000
106545.000000 137191.000000
106534.000000 137146.000000
106513.000000 137079.000000
106491.000000 137024.000000
106464.000000 136962.000000
106445.000000 136912.000000
106420.000000 136864.000000
106417.000000 136853.000000
106404.000000 136849.000000
106409.000000 136867.000000
106415.000000 136894.000000
106431.000000 136943.000000
106446.000000 136984.000000
106465.000000 137027.000000
106471.000000 137064.000000
106485.000000 137110.000000
106495.000000 137149.000000
106512.000000 137194.000000
106516.000000 137233.000000
106529.000000 137274.000000
106540.000000 137313.000000
106546.000000 137339.000000
106545.000000 137350.000000
106546.000000 137359.000000
106550.000000 137381.000000
106558.000000 137398.000000
106560.000000 137424.000000
106564.000000 137444.000000
106569.000000 137471.000000
106582.000000 137492.000000
106584.000000 137505.000000
106590.000000 137516.000000
106593.000000 137526.000000
106593.000000 137528.000000
106591.000000 137531.000000
106587.000000 137529.000000
106587.000000 137540.000000
106588.000000 137554.000000
106587.000000 137573.000000
106584.000000 137587.000000
106586.000000 137604.000000
106580.000000 137615.000000
106579.000000 137630.000000
106578.000000 137632.000000
106582.000000 137647.000000
106596.000000 137660.000000
106610.000000 137688.000000
106621.000000 137706.000000
106638.000000 137727.000000
106644.000000 137743.000000
106648.000000 137760.000000
106647.000000 137765.000000
106658.000000 137782.000000
106650.000000 137786.000000
106651.000000 137804.000000
106647.000000 137801.000000
106647.000000 137811.000000
106636.000000 137810.000000
106636.000000 137825.000000
106631.000000 137826.000000
106636.000000 137847.000000
106642.000000 137866.000000
106655.000000 137907.000000
106659.000000 137924.000000
106671.000000 137948.000000
106670.000000 137950.000000
106670.000000 137925.000000
106634.000000 137800.000000
106570.000000 137581.000000
106464.000000 137251.000000
106353.000000 136898.000000
106236.000000 136565.000000
106167.000000 136367.000000
106114.000000 136232.000000
106090.000000 136162.000000
106065.000000 136109.000000
106068.000000 136116.000000
106066.000000 136140.000000
106094.000000 136208.000000
106114.000000 136280.000000
106148.000000 136376.000000
106179.000000 136474.000000
106218.000000 136578.000000
106248.000000 136687.000000
106285.000000 136802.000000
106316.000000 136902.000000
106348.000000 137002.000000
106356.000000 137054.000000
106367.000000 137098.000000
106374.000000 137127.000000
106388.000000 137174.000000
106401.000000 137216.000000
106425.000000 137275.000000
106435.000000 137306.000000
106457.000000 137332.000000
106455.000000 137322.000000
106452.000000 137302.000000
106430.000000 137255.000000
106415.000000 137199.000000
106387.000000 137132.000000
106368.000000 137071.000000
106340.000000 136996.000000
106321.000000 136941.000000
106297.000000 136883.000000
106287.000000 136851.000000
106285.000000 136828.000000
106283.000000 136823.000000
106280.000000 136837.000000
106293.000000 136886.000000
106307.000000 136948.000000
106328.000000 137032.000000
106341.000000 137089.000000
106360.000000 137149.000000
106368.000000 137193.000000
106390.000000 137249.000000
106413.000000 137307.000000
106434.000000 137364.000000
106448.000000 137399.000000
106455.000000 137428.000000
106457.000000 137440.000000
106457.000000 137451.000000
106457.000000 137468.000000
106459.000000 137480.000000
106458.000000 137504.000000
106465.000000 137525.000000
106470.000000 137546.000000
106477.000000 137563.000000
106484.000000 137574.000000
106486.000000 137585.000000
106495.000000 137602.000000
106496.000000 137603.000000
106501.000000 137617.000000
106496.000000 137614.000000
106495.000000 137622.000000
106493.000000 137619.000000
106492.000000 137625.000000
106491.000000 137631.000000
106495.000000 137644.000000
106504.000000 137660.000000
106516.000000 137684.000000
106516.000000 137698.000000
106520.000000 137713.000000
106522.000000 137716.000000
106534.000000 137731.000000
106534.000000 137732.000000
106531.000000 137742.000000
106529.000000 137743.000000
106532.000000 137756.000000
106530.000000 137755.000000
106537.000000 137776.000000
106537.000000 137786.000000
106549.000000 137817.000000
106556.000000 137835.000000
106561.000000 137855.000000
106553.000000 137853.000000
106561.000000 137864.000000
106556.000000 137856.000000
106565.000000 137870.000000
106566.000000 137873.000000
106577.000000 137893.000000
106582.000000 137899.000000
106594.000000 137928.000000
106592.000000 137935.000000
106596.000000 137947.000000
106593.000000 137947.000000
106599.000000 137967.000000
106596.000000 137976.000000
106604.000000 137987.000000
106595.000000 137995.000000
106600.000000 138026.000000
106593.000000 138035.000000
106601.000000 138053.000000
106588.000000 138030.000000
106567.000000 137964.000000
106492.000000 137767.000000
106409.000000 137501.000000
106298.000000 137155.000000
106189.000000 136809.000000
106095.000000 136531.000000
106042.000000 136377.000000
106005.000000 136269.000000
105993.000000 136229.000000
105985.000000 136212.000000
105997.000000 136237.000000
106011.000000 136285.000000
106050.000000 136376.000000
106079.000000 136474.000000
106127.000000 136606.000000
106168.000000 136733.000000
106218.000000 136866.000000
106249.000000 136967.000000
106280.000000 137058.000000
106295.000000 137118.000000
106309.000000 137172.000000
106309.000000 137198.000000
106315.000000 137238.000000
106325.000000 137275.000000
106345.000000 137314.000000
106358.000000 137360.000000
106384.000000 137405.000000
106390.000000 137425.000000
106399.000000 137428.000000
106393.000000 137417.000000
106396.000000 137386.000000
106375.000000 137338.000000
106364.000000 137294.000000
106346.000000 137258.000000
106335.000000 137224.000000
106313.000000 137189.000000
106297.000000 137163.000000
106278.000000 137134.000000
106267.000000 137114.000000
106260.000000 137116.000000
106257.000000 137130.000000
106268.000000 137182.000000
106289.000000 137236.000000
106308.000000 137304.000000
106332.000000 137359.000000
106344.000000 137409.000000
106358.000000 137442.000000
106369.000000 137474.000000
106379.000000 137501.000000
106386.000000 137525.000000
106386.000000 137540.000000
106395.000000 137563.000000
106396.000000 137576.000000
106405.000000 137597.000000
106405.000000 137605.000000
106408.000000 137619.000000
106412.000000 137634.000000
106421.000000 137652.000000
106420.000000 137659.000000
106424.000000 137670.000000
106422.000000 137675.000000
106417.000000 137681.000000
106416.000000 137671.000000
106421.000000 137681.000000
106420.000000 137675.000000
106428.000000 137686.000000
106427.000000 137681.000000
106428.000000 137680.000000
106422.000000 137661.000000
106417.000000 137659.000000
106415.000000 137650.000000
106421.000000 137663.000000
106426.000000 137674.000000
106433.000000 137697.000000
106426.000000 137693.000000
106425.000000 137701.000000
106415.000000 137681.000000
106417.000000 137686.000000
106408.000000 137676.000000
106410.000000 137692.000000
106412.000000 137694.000000
106422.000000 137721.000000
106419.000000 137722.000000
106435.000000 137748.000000
106433.000000 137755.000000
106444.000000 137772.000000
106443.000000 137773.000000
106448.000000 137785.000000
106446.000000 137781.000000
106458.000000 137807.000000
106456.000000 137822.000000
106469.000000 137846.000000
106469.000000 137862.000000
106476.000000 137881.000000
106474.000000 137885.000000
106481.000000 137888.000000
106466.000000 137881.000000
106466.000000 137880.000000
106462.000000 137869.000000
106467.000000 137872.000000
106461.000000 137861.000000
106466.000000 137874.000000
106467.000000 137878.000000
106478.000000 137894.000000
106477.000000 137907.000000
106483.000000 137926.000000
106478.000000 137932.000000
106485.000000 137949.000000
106480.000000 137951.000000
106487.000000 137970.000000
106488.000000 137973.000000
106502.000000 137988.000000
106482.000000 137926.000000
106435.000000 137776.000000
106345.000000 137504.000000
106232.000000 137147.000000
106094.000000 136736.000000
105983.000000 136417.000000
105911.000000 136219.000000
105869.000000 136092.000000
105834.000000 136004.000000
105823.000000 135961.000000
105814.000000 135955.000000
105825.000000 135988.000000
105842.000000 136042.000000
105870.000000 136118.000000
105899.000000 136208.000000
105936.000000 136322.000000
105974.000000 136442.000000
106010.000000 136549.000000
106035.000000 136642.000000
106066.000000 136723.000000
106081.000000 136791.000000
106103.000000 136844.000000
106111.000000 136881.000000
106121.000000 136902.000000
106140.000000 136947.000000
106155.000000 136999.000000
106167.000000 137046.000000
106174.000000 137085.000000
106186.000000 137107.000000
106188.000000 137107.000000
106190.000000 137101.000000
106184.000000 137072.000000
106174.000000 137032.000000
106155.000000 136972.000000
106145.000000 136923.000000
106120.000000 136857.000000
106106.000000 136811.000000
106093.000000 136773.000000
106085.000000 136761.000000
106081.000000 136759.000000
106084.000000 136774.000000
106090.000000 136800.000000
106100.000000 136858.000000
106117.000000 136904.000000
106139.000000 136969.000000
106158.000000 137021.000000
106181.000000 137090.000000
106195.000000 137139.000000
106221.000000 137205.000000
106234.000000 137262.000000
106254.000000 137322.000000
106260.000000 137340.000000
106266.000000 137361.000000
106264.000000 137360.000000
106269.000000 137375.000000
106269.000000 137380.000000
106285.000000 137412.000000
106282.000000 137423.000000
106295.000000 137460.000000
106303.000000 137471.000000
106316.000000 137500.000000
106315.000000 137501.000000
106325.000000 137518.000000
106320.000000 137518.000000
106326.000000 137532.000000
106327.000000 137530.000000
106338.000000 137543.000000
106332.000000 137540.000000
106341.000000 137550.000000
106333.000000 137546.000000
106336.000000 137548.000000
106321.000000 137549.000000
106329.000000 137568.000000
106327.000000 137573.000000
106342.000000 137603.000000
106344.000000 137617.000000
106358.000000 137635.000000
106365.000000 137648.000000
106370.000000 137667.000000
106372.000000 137666.000000
106379.000000 137682.000000
106384.000000 137691.000000
106392.000000 137700.000000
106385.000000 137703.000000
106395.000000 137720.000000
106389.000000 137722.000000
106403.000000 137746.000000
106406.000000 137749.000000
106416.000000 137769.000000
106415.000000 137762.000000
106414.000000 137762.000000
106417.000000 137758.000000
106417.000000 137763.000000
106416.000000 137769.000000
106421.000000 137788.000000
106421.000000 137801.000000
106425.000000 137821.000000
106420.000000 137829.000000
106423.000000 137834.000000
106419.000000 137839.000000
106419.000000 137848.000000
106420.000000 137860.000000
106428.000000 137874.000000
106427.000000 137879.000000
106432.000000 137886.000000
106433.000000 137886.000000
106435.000000 137887.000000
106428.000000 137900.000000
106430.000000 137907.000000
106428.000000 137926.000000
106435.000000 137938.000000
106437.000000 137951.000000
106437.000000 137930.000000
106411.000000 137849.000000
106353.000000 137661.000000
106263.000000 137375.000000
106143.000000 136998.000000
106013.000000 136610.000000
105922.000000 136339.000000
105866.000000 136172.000000
105826.000000 136059.000000
105807.000000 136003.000000
105792.000000 135972.000000
105802.000000 136000.000000
105818.000000 136048.000000
105849.000000 136134.000000
105883.000000 136231.000000
105931.000000 136356.000000
105966.000000 136478.000000
106006.000000 136598.000000
106039.000000 136703.000000
106069.000000 136805.000000
106092.000000 136877.000000
106111.000000 136940.000000
106120.000000 136975.000000
106124.000000 137013.000000
106125.000000 137031.000000
106138.000000 137066.000000
106150.000000 137114.000000
106174.000000 137175.000000
106186.000000 137202.000000
106200.000000 137217.000000
106190.000000 137194.000000
106180.000000 137168.000000
106163.000000 137108.000000
106147.000000 137066.000000
106124.000000 137005.000000
106102.000000 136960.000000
106075.000000 136892.000000
106067.000000 136862.000000
106046.000000 136847.000000
106053.000000 136857.000000
106047.000000 136875.000000
106055.000000 136904.000000
106062.000000 136947.000000
106081.000000 137013.000000
106096.000000 137058.000000
106115.000000 137116.000000
106129.000000 137159.000000
106146.000000 137213.000000
106153.000000 137245.000000
106171.000000 137278.000000
106169.000000 137294.000000
106184.000000 137316.000000
106187.000000 137323.000000
106197.000000 137349.000000
106197.000000 137358.000000
106205.000000 137374.000000
106205.000000 137374.000000
106209.000000 137392.000000
106207.000000 137398.000000
106220.000000 137426.000000
106215.000000 137438.000000
106200.000000 137217.000000
106230.000000 137473.000000
106242.000000 137492.000000
106237.000000 137489.000000
106240.000000 137491.000000
106236.000000 137487.000000
106240.000000 137498.000000
106243.000000 137506.000000
106254.000000 137526.000000
106258.000000 137543.000000
106268.000000 137566.000000
106277.000000 137580.000000
106287.000000 137612.000000
106288.000000 137620.000000
106299.000000 137639.000000
106302.000000 137650.000000
106308.000000 137658.000000
106310.000000 137674.000000
106313.000000 137684.000000
106318.000000 137704.000000
106326.000000 137719.000000
106328.000000 137735.000000
106335.000000 137746.000000
106334.000000 137758.000000
106334.000000 137758.000000
106330.000000 137767.000000
106334.000000 137779.000000
106339.000000 137793.000000
106342.000000 137802.000000
106346.000000 137818.000000
106353.000000 137830.000000
106362.000000 137855.000000
106363.000000 137864.000000
106369.000000 137879.000000
106372.000000 137893.000000
106380.000000 137923.000000
106385.000000 137939.000000
106387.000000 137965.000000
106396.000000 137974.000000
106404.000000 137992.000000
106406.000000 137998.000000
106411.000000 138006.000000
106407.000000 138018.000000
106412.000000 138037.000000
106406.000000 138040.000000
106406.000000 138054.000000
106406.000000 138056.000000
106410.000000 138082.000000
106410.000000 138090.000000
106420.000000 138116.000000
106420.000000 138109.000000
106420.000000 138089.000000
106385.000000 137974.000000
106321.000000 137775.000000
106224.000000 137485.000000
106116.000000 137157.000000
106000.000000 136804.000000
105912.000000 136526.000000
105850.000000 136347.000000
105823.000000 136258.000000
105800.000000 136197.000000
105800.000000 136186.000000
105797.000000 136200.000000
105817.000000 136255.000000
105840.000000 136336.000000
105880.000000 136453.000000
105911.000000 136575.000000
105958.000000 136706.000000
105992.000000 136827.000000
106031.000000 136947.000000
106053.000000 137023.000000
106083.000000 137095.000000
106089.000000 137132.000000
106107.000000 137169.000000
106111.000000 137185.000000
106125.000000 137218.000000
106137.000000 137238.000000
106148.000000 137280.000000
106156.000000 137311.000000
106169.000000 137350.000000
106168.000000 137355.000000
106175.000000 137366.000000
106162.000000 137337.000000
106155.000000 137311.000000
106133.000000 137255.000000
106119.000000 137209.000000
106096.000000 137152.000000
106088.000000 137118.000000
106063.000000 137074.000000
106055.000000 137049.000000
106043.000000 137031.000000
106047.000000 137037.000000
106048.000000 137049.000000
106068.000000 137087.000000
106081.000000 137123.000000
106100.000000 137174.000000
106114.000000 137207.000000
106132.000000 137250.000000
106137.000000 137273.000000
106157.000000 137315.000000
106159.000000 137332.000000
106162.000000 137344.000000
106159.000000 137346.000000
106165.000000 137359.000000
106165.000000 137370.000000
106177.000000 137399.000000
106178.000000 137419.000000
106188.000000 137449.000000
106193.000000 137465.000000
106198.000000 137494.000000
106209.000000 137519.000000
106215.000000 137533.000000
106223.000000 137554.000000
106222.000000 137546.000000
106220.000000 137544.000000
106223.000000 137526.000000
106217.000000 137520.000000
106223.000000 137530.000000
106224.000000 137552.000000
106229.000000 137566.000000
106231.000000 137584.000000
106235.000000 137598.000000
106243.000000 137618.000000
106247.000000 137621.000000
106256.000000 137643.000000
106259.000000 137638.000000
106262.000000 137641.000000
106267.000000 137641.000000
106269.000000 137647.000000
106263.000000 137648.000000
106261.000000 137654.000000
106259.000000 137650.000000
106255.000000 137654.000000
106248.000000 137652.000000
106248.000000 137662.000000
106243.000000 137664.000000
106243.000000 137680.000000
106237.000000 137675.000000
106241.000000 137696.000000
106245.000000 137705.000000
106251.000000 137737.000000
106258.000000 137737.000000
106261.000000 137752.000000
106258.000000 137748.000000
106258.000000 137754.000000
106252.000000 137749.000000
106262.000000 137760.000000
106259.000000 137760.000000
106217.000000 137520.000000
106258.000000 137756.000000
106263.000000 137769.000000
106260.000000 137768.000000
106266.000000 137772.000000
106261.000000 137786.000000
106272.000000 137814.000000
106272.000000 137822.000000
106283.000000 137844.000000
106282.000000 137848.000000
106285.000000 137863.000000
106276.000000 137865.000000
106284.000000 137880.000000
106286.000000 137883.000000
106295.000000 137893.000000
106284.000000 137878.000000
106267.000000 137825.000000
106213.000000 137673.000000
106136.000000 137443.000000
106023.000000 137102.000000
105893.000000 136717.000000
105770.000000 136359.000000
105704.000000 136146.000000
105648.000000 136002.000000
105625.000000 135918.000000
105606.000000 135870.000000
105605.000000 135879.000000
105613.000000 135897.000000
105640.000000 135964.000000
105663.000000 136038.000000
105702.000000 136149.000000
105739.000000 136267.000000
105786.000000 136410.000000
105826.000000 136535.000000
105859.000000 136652.000000
105885.000000 136726.000000
105912.000000 136788.000000
105920.000000 136823.000000
105931.000000 136861.000000
105938.000000 136881.000000
105957.000000 136915.000000
105964.000000 136949.000000
105980.000000 136999.000000
105990.000000 137047.000000
106010.000000 137082.000000
106006.000000 137088.000000
106003.000000 137075.000000
105982.000000 137027.000000
105968.000000 136970.000000
105946.000000 136910.000000
105931.000000 136851.000000
105910.000000 136813.000000
105905.000000 136785.000000
105894.000000 136763.000000
105887.000000 136740.000000
105880.000000 136728.000000
105877.000000 136714.000000
105883.000000 136726.000000
105891.000000 136751.000000
105907.000000 136783.000000
105924.000000 136830.000000
105942.000000 136877.000000
105952.000000 136914.000000
105965.000000 136958.000000
105977.000000 137006.000000
105988.000000 137048.000000
105997.000000 137085.000000
106014.000000 137129.000000
106022.000000 137158.000000
106029.000000 137185.000000
106037.000000 137207.000000
106049.000000 137232.000000
106045.000000 137247.000000
106053.000000 137283.000000
106059.000000 137306.000000
106067.000000 137339.000000
106079.000000 137363.000000
106090.000000 137408.000000
106099.000000 137428.000000
106108.000000 137450.000000
106109.000000 137452.000000
106118.000000 137468.000000
106112.000000 137468.000000
106123.000000 137478.000000
106114.000000 137479.000000
106125.000000 137497.000000
106126.000000 137501.000000
106138.000000 137526.000000
106137.000000 137534.000000
106146.000000 137552.000000
106144.000000 137560.000000
106152.000000 137574.000000
106149.000000 137573.000000
106156.000000 137585.000000
106155.000000 137579.000000
106163.000000 137595.000000
106157.000000 137598.000000
106173.000000 137622.000000
106173.000000 137629.000000
106183.000000 137657.000000
106179.000000 137661.000000
106184.000000 137671.000000
106184.000000 137673.000000
106191.000000 137682.000000
106186.000000 137678.000000
106191.000000 137688.000000
106194.000000 137701.000000
106204.000000 137724.000000
106202.000000 137736.000000
106213.000000 137754.000000
106211.000000 137754.000000
106215.000000 137775.000000
106213.000000 137765.000000
106212.000000 137777.000000
106213.000000 137779.000000
106219.000000 137789.000000
106220.000000 137793.000000
106229.000000 137817.000000
106232.000000 137835.000000
106246.000000 137861.000000
106244.000000 137867.000000
106252.000000 137896.000000
106259.000000 137909.000000
106264.000000 137928.000000
106262.000000 137938.000000
106271.000000 137952.000000
106270.000000 137948.000000
106262.000000 137912.000000
106216.000000 137792.000000
106149.000000 137581.000000
106045.000000 137278.000000
105932.000000 136920.000000
105814.000000 136562.000000
105739.000000 136320.000000
105687.000000 136179.000000
105656.000000 136082.000000
105633.000000 136014.000000
105625.000000 135994.000000
105628.000000 136012.000000
105644.000000 136060.000000
105676.000000 136157.000000
105716.000000 136276.000000
105758.000000 136420.000000
105801.000000 136563.000000
105843.000000 136700.000000
105878.000000 136813.000000
105910.000000 136910.000000
105936.000000 136980.000000
106220.000000 137793.000000
105967.000000 137062.000000
105980.000000 137101.000000
105984.000000 137119.000000
105990.000000 137139.000000
105996.000000 137153.000000
106008.000000 137190.000000
106015.000000 137204.000000
106016.000000 137200.000000
106006.000000 137161.000000
105990.000000 137104.000000
105964.000000 137034.000000
105949.000000 136977.000000
105927.000000 136903.000000
105908.000000 136840.000000
105877.000000 136758.000000
105854.000000 136701.000000
105832.000000 136653.000000
105828.000000 136638.000000
105834.000000 136645.000000
105845.000000 136685.000000
105854.000000 136716.000000
105867.000000 136769.000000
105876.000000 136809.000000
105896.000000 136858.000000
105903.000000 136898.000000
105924.000000 136954.000000
105939.000000 136996.000000
105960.000000 137055.000000
105971.000000 137100.000000
105993.000000 137151.000000
105999.000000 137178.000000
106017.000000 137214.000000
106015.000000 137229.000000
106026.000000 137253.000000
106024.000000 137255.000000
106033.000000 137267.000000
106024.000000 137264.000000
106037.000000 137278.000000
106038.000000 137294.000000
106051.000000 137313.000000
106048.000000 137320.000000
106055.000000 137330.000000
106048.000000 137337.000000
106057.000000 137357.000000
106053.000000 137350.000000
106062.000000 137363.000000
106057.000000 137357.000000
106063.000000 137361.000000
106064.000000 137361.000000
106068.000000 137376.000000
106064.000000 137377.000000
106065.000000 137389.000000
106068.000000 137386.000000
106074.000000 137396.000000
106063.000000 137391.000000
106072.000000 137401.000000
106071.000000 137403.000000
106079.000000 137418.000000
106074.000000 137422.000000
106082.000000 137438.000000
106082.000000 137449.000000
106089.000000 137463.000000
106083.000000 137472.000000
106094.000000 137495.000000
106095.000000 137506.000000
106101.000000 137511.000000
106096.000000 137513.000000
106101.000000 137519.000000
106095.000000 137510.000000
106100.000000 137519.000000
106097.000000 137520.000000
106106.000000 137531.000000
106108.000000 137554.000000
106114.000000 137572.000000
106119.000000 137592.000000
106129.000000 137611.000000
106133.000000 137622.000000
106136.000000 137633.000000
106136.000000 137647.000000
106143.000000 137664.000000
106147.000000 137683.000000
106147.000000 137686.000000
106138.000000 137669.000000
106109.000000 137581.000000
106041.000000 137379.000000
105940.000000 137071.000000
105809.000000 136674.000000
105671.000000 136282.000000
105583.000000 136021.000000
105531.000000 135854.000000
105491.000000 135744.000000
105474.000000 135680.000000
105469.000000 135675.000000
105478.000000 135700.000000
105499.000000 135755.000000
105521.000000 135810.000000
105551.000000 135895.000000
105583.000000 135986.000000
105618.000000 136115.000000
105660.000000 136242.000000
105703.000000 136378.000000
105744.000000 136493.000000
105778.000000 136605.000000
105803.000000 136683.000000
105824.000000 136740.000000
105834.000000 136768.000000
105841.000000 136794.000000
105846.000000 136816.000000
105863.000000 136859.000000
105875.000000 136896.000000
105894.000000 136948.000000
105900.000000 136959.000000
105900.000000 136967.000000
105890.000000 136944.000000
105889.000000 136913.000000
105862.000000 136848.000000
105848.000000 136791.000000
105818.000000 136719.000000
105808.000000 136666.000000
105783.000000 136605.000000
105770.000000 136560.000000
105750.000000 136521.000000
105753.000000 136525.000000
105757.000000 136533.000000
105769.000000 136576.000000
105777.000000 136614.000000
105795.000000 136676.000000
105813.000000 136731.000000
105835.000000 136798.000000
105851.000000 136866.000000
105875.000000 136923.000000
105888.000000 136964.000000
105910.000000 137008.000000
105914.000000 137044.000000
105937.000000 137078.000000
105940.000000 137094.000000
105953.000000 137126.000000
105956.000000 137145.000000
105974.000000 137188.000000
105981.000000 137214.000000
105993.000000 137234.000000
105992.000000 137240.000000
106003.000000 137261.000000
106000.000000 137268.000000
106001.000000 137284.000000
105998.000000 137286.000000
106004.000000 137303.000000
106002.000000 137308.000000
106007.000000 137324.000000
106010.000000 137331.000000
106014.000000 137342.000000
106014.000000 137344.000000
106023.000000 137359.000000
106021.000000 137366.000000
106024.000000 137376.000000
106017.000000 137374.000000
106026.000000 137382.000000
106019.000000 137381.000000
106023.000000 137385.000000
106020.000000 137386.000000
106028.000000 137398.000000
106035.000000 137421.000000
106045.000000 137443.000000
106043.000000 137458.000000
106047.000000 137472.000000
106047.000000 137488.000000
106053.000000 137495.000000
106059.000000 137500.000000
106062.000000 137514.000000
106059.000000 137521.000000
106068.000000 137528.000000
106063.000000 137545.000000
106072.000000 137558.000000
106074.000000 137582.000000
106078.000000 137585.000000
106081.000000 137606.000000
106089.000000 137615.000000
106095.000000 137624.000000
106096.000000 137618.000000
106095.000000 137617.000000
106092.000000 137618.000000
106097.000000 137631.000000
106101.000000 137644.000000
106104.000000 137660.000000
106102.000000 137661.000000
106101.000000 137665.000000
106100.000000 137669.000000
106106.000000 137675.000000
106107.000000 137682.000000
106107.000000 137699.000000
106103.000000 137711.000000
106113.000000 137739.000000
106109.000000 137731.000000
106101.000000 137685.000000
106048.000000 137517.000000
105952.000000 137228.000000
105818.000000 136812.000000
105662.000000 136348.000000
105537.000000 136004.000000
105466.000000 135776.000000
105406.000000 135607.000000
105370.000000 135514.000000
105350.000000 135461.000000
105351.000000 135465.000000
105359.000000 135487.000000
105385.000000 135566.000000
105409.000000 135639.000000
105445.000000 135743.000000
105480.000000 135852.000000
105527.000000 135980.000000
105566.000000 136116.000000
105615.000000 136256.000000
105649.000000 136370.000000
105685.000000 136467.000000
105697.000000 136512.000000
105711.000000 136551.000000
105714.000000 136568.000000
105732.000000 136602.000000
105742.000000 136640.000000
105758.000000 136698.000000
105774.000000 136740.000000
105788.000000 136769.000000
105776.000000 136753.000000
105771.000000 136718.000000
105748.000000 136657.000000
105731.000000 136597.000000
105706.000000 136528.000000
105686.000000 136489.000000
105667.000000 136442.000000
105648.000000 136391.000000
105620.000000 136330.000000
105603.000000 136284.000000
105585.000000 136238.000000
105585.000000 136207.000000
105571.000000 136191.000000
105580.000000 136203.000000
105587.000000 136230.000000
105605.000000 136279.000000
105619.000000 136329.000000
105634.000000 136393.000000
105653.000000 136449.000000
105684.000000 136529.000000
105700.000000 136598.000000
105733.000000 136671.000000
105748.000000 136723.000000
105770.000000 136771.000000
105775.000000 136812.000000
105790.000000 136849.000000
105800.000000 136878.000000
105820.000000 136916.000000
105827.000000 136950.000000
105846.000000 136989.000000
105857.000000 137022.000000
105867.000000 137055.000000
105873.000000 137077.000000
105884.000000 137091.000000
105884.000000 137102.000000
105894.000000 137116.000000
105891.000000 137127.000000
105899.000000 137142.000000
105907.000000 137164.000000
105914.000000 137185.000000
105921.000000 137203.000000
105927.000000 137207.000000
105932.000000 137224.000000
105932.000000 137225.000000
105935.000000 137233.000000
105930.000000 137232.000000
105934.000000 137243.000000
105938.000000 137245.000000
105947.000000 137269.000000
105947.000000 137281.000000
105958.000000 137309.000000
105961.000000 137324.000000
105968.000000 137344.000000
105965.000000 137350.000000
105968.000000 137361.000000
105974.000000 137372.000000
105981.000000 137390.000000
105984.000000 137396.000000
105993.000000 137422.000000
105993.000000 137424.000000
106002.000000 137451.000000
106006.000000 137469.000000
106010.000000 137485.000000
106012.000000 137491.000000
106021.000000 137515.000000
106017.000000 137513.000000
106023.000000 137529.000000
106026.000000 137526.000000
106039.000000 137557.000000
106040.000000 137566.000000
106053.000000 137588.000000
106053.000000 137597.000000
106064.000000 137630.000000
106063.000000 137635.000000
106070.000000 137663.000000
106071.000000 137673.000000
106084.000000 137701.000000
106080.000000 137715.000000
106093.000000 137730.000000
106081.000000 137705.000000
106062.000000 137622.000000
105988.000000 137400.000000
105878.000000 137066.000000
105723.000000 136623.000000
105589.000000 136220.000000
105487.000000 135946.000000
105432.000000 135779.000000
105389.000000 135656.000000
105368.000000 135597.000000
105355.000000 135568.000000
105363.000000 135592.000000
105380.000000 135643.000000
105417.000000 135730.000000
105445.000000 135814.000000
105489.000000 135933.000000
105530.000000 136044.000000
105579.000000 136174.000000
105617.000000 136299.000000
105665.000000 136432.000000
105691.000000 136538.000000
105728.000000 136629.000000
105743.000000 136691.000000
105763.000000 136739.000000
105771.000000 136774.000000
105788.000000 136813.000000
105796.000000 136852.000000
105821.000000 136911.000000
105833.000000 136955.000000
105851.000000 136990.000000
105849.000000 136984.000000
105845.000000 136958.000000
105825.000000 136904.000000
105803.000000 136831.000000
105767.000000 136745.000000
105743.000000 136662.000000
105715.000000 136589.000000
105700.000000 136541.000000
105681.000000 136498.000000
105671.000000 136477.000000
105666.000000 136461.000000
105658.000000 136438.000000
105652.000000 136428.000000
105655.000000 136430.000000
105668.000000 136464.000000
105694.000000 136531.000000
105715.000000 136602.000000
105746.000000 136672.000000
105768.000000 136745.000000
105785.000000 136792.000000
105803.000000 136832.000000
105807.000000 136840.000000
105806.000000 136818.000000
105794.000000 136784.000000
105787.000000 136778.000000
105792.000000 136810.000000
105807.000000 136875.000000
105834.000000 136971.000000
105870.000000 137082.000000
105902.000000 137159.000000
105924.000000 137202.000000
105936.000000 137218.000000
105960.000000 137251.000000
105970.000000 137260.000000
105983.000000 137264.000000
105973.000000 137221.000000
105962.000000 137181.000000
105936.000000 137117.000000
105918.000000 137082.000000
105905.000000 137064.000000
105900.000000 137068.000000
105893.000000 137072.000000
105897.000000 137094.000000
105902.000000 137122.000000
105921.000000 137161.000000
105925.000000 137155.000000
105941.000000 137167.000000
105936.000000 137126.000000
105932.000000 137083.000000
105905.000000 136991.000000
105885.000000 136916.000000
105854.000000 136849.000000
105847.000000 136835.000000
105830.000000 136836.000000
105826.000000 136848.000000
105800.000000 136838.000000
105776.000000 136823.000000
105739.000000 136769.000000
105713.000000 136734.000000
105687.000000 136689.000000
105677.000000 136664.000000
105665.000000 136642.000000
105669.000000 136649.000000
105675.000000 136681.000000
105704.000000 136751.000000
105726.000000 136823.000000
105763.000000 136915.000000
105789.000000 136987.000000
105820.000000 137045.000000
105822.000000 137034.000000
105788.000000 136890.000000
105676.000000 136534.000000
105522.000000 136060.000000
105383.000000 135668.000000
105293.000000 135391.000000
105226.000000 135194.000000
105187.000000 135068.000000
105149.000000 134984.000000
105141.000000 134954.000000
105129.000000 134949.000000
105141.000000 134979.000000
105145.000000 135012.000000
105161.000000 135061.000000
105176.000000 135107.000000
105202.000000 135170.000000
105209.000000 135222.000000
105236.000000 135294.000000
105248.000000 135353.000000
105273.000000 135425.000000
105286.000000 135472.000000
105301.000000 135509.000000
105304.000000 135524.000000
105307.000000 135534.000000
105306.000000 135533.000000
105318.000000 135537.000000
105317.000000 135550.000000
105327.000000 135569.000000
105330.000000 135568.000000
105325.000000 135548.000000
105298.000000 135487.000000
105278.000000 135421.000000
